00000000000000000000000000000000000000000000000000
00000000000000000000000000000000000000000000000000
00000000000000000000000000000000000000000000000000
00000111111111111111111111000000000000000000000000
00000111111111111111111111000000000000000000000000
00000111111111111111111111000000000000000000000000
00000111111111111111111111000000000000000000000000
00000111111111111111111111000000000000000000000000
00000111111111111111111111000000000000000000000000
00000111111111111111111111000000000000000000000000
00000111111111111111111111000000000000000000000000
00000111111111111111111111000000000000000000000000
00000111111111111111111111000000000000000000000000
00000111111111111111111111000000000000000000000000
00000111111111111111111111000000000000000000000000
00000111111111111111111111000000000000000000000000
00000111111111111111111111000000000000000000000000
00000111111111111111111111000000000000000000000000
00000111111111111111111111000000000000000000000000
00000111111111111111111111000000000000000000000000
00000111111111111111111111000000000000000000000000
00000111111111111111111111000000000000000000000000
00000111111111111111111111000000000000000000000000
00000111111111111111111111000000000000000000000000
00000111111111111111111111000000000000000000000000
00000111111111111111111111000000000000000000000000
00000111111111111111111111000000000000000000000000
00000111111111111111111111000000000000000000000000
00000111111111111111111111000000000000000000000000
00000111111111111111111111000000000000000000000000
00000111111111111111111111000000000000000000000000
00000111111111111111111111000000000000000000000000
00000111111111111111111111000000000000000000000000
00000111111111111111111111000000000000000000000000
00000111111111111111111111000000000000000000000000
00000000000000000000000000000000000000000000000000
00000000000000000000000000000000000000000000000000
00000000000000000000000000000000000000000000000000
00000000000000000000000000000000000000000000000000
00000000000000000000000000000000000000000000000000
00000000000000000000000000000000000000000000000000
00000000000000000000000000000000000000000000000000
00000000000000000000000000000000000000000000000000
00000000000000000000000000000000000000000000000000
00000000000000000000000000000000000000000000000000
00000000000000000000000000000000000000000000000000
00000000000000000000000000000000000000000000000000
00000000000000000000000000000000000000000000000000
00000000000000000000000000000000000000000000000000
00000000000000000000000000000000000000000000000000
